10000 0
20000 0
30000 0
40000 0
50000 0
60000 0
70000 0
80000 0
90000 0
100000 0
110000 0
120000 1e-06
130000 0
140000 1e-06
150000 0
160000 1e-06
170000 1e-06
180000 1e-06
190000 0
200000 0
210000 1e-06
220000 0
230000 1e-06
240000 0
250000 0
260000 1e-06
270000 0
280000 1e-06
290000 0
300000 0
310000 1e-06
320000 1e-06
330000 0
340000 1e-06
350000 1e-06
360000 1e-06
370000 1e-06
380000 0
390000 1e-06
400000 0
410000 1e-06
420000 1e-06
430000 0
440000 0
450000 1e-06
460000 0
470000 0
480000 1e-06
490000 1e-06
500000 0
510000 0
520000 1e-06
530000 1e-06
540000 0
550000 0
560000 1e-06
570000 0
580000 1e-06
590000 1e-06
600000 0
610000 1e-06
620000 1e-06
630000 1e-06
640000 1e-06
650000 0
660000 1e-06
670000 1e-06
680000 1e-06
690000 0
700000 0
710000 1e-06
720000 0
730000 1e-06
740000 1e-06
750000 0
760000 0
770000 1e-06
780000 0
790000 1e-06
800000 1e-06
810000 0
820000 1e-06
830000 3e-06
840000 1e-06
850000 2e-06
860000 0
870000 1e-06
880000 1e-06
890000 0
900000 1e-06
910000 2e-06
920000 1e-06
930000 2e-06
940000 0
950000 1e-06
960000 1e-06
970000 0
980000 2e-06
990000 1e-06
1000000 1e-06
