1010000 0.00064
1010000 0.001803
1010000 0.002125
1010000 0.001816
1010000 0.002244
1010000 0.001779
1010000 0.001808
1010000 0.00222
1010000 0.001788
1010000 0.002211
1010000 0.001787
1010000 0.002172
1010000 0.001784
1010000 0.001784
1010000 0.001824
1010000 0.002231
1010000 0.001846
1010000 0.002336
1010000 0.002245
1010000 0.001846
1010000 0.00183
1010000 0.002202
1010000 0.001873
1010000 0.002276
1010000 0.001822
1010000 0.001849
1010000 0.002175
1010000 1.8e-05
1010000 1.7e-05
1010000 1.4e-05
1010000 1.7e-05
1010000 1.7e-05
1010000 1.5e-05
1010000 1.7e-05
1010000 1.7e-05
1010000 1.5e-05
1010000 1.7e-05
1010000 1.5e-05
1010000 1.7e-05
1010000 1.5e-05
1010000 0.000371
1010000 0.000302
1010000 0.000245
1010000 0.000294
1010000 0.000283
1010000 0.000329
1010000 0.000246
1010000 0.000333
1010000 0.000311
1010000 0.000244
1010000 0.000312
1010000 0.00031
1010000 0.000288
1010000 0.000286
1010000 0.001396
1010000 0.001359
1010000 0.001645
1010000 0.001354
1010000 0.001366
1010000 0.001629
1010000 0.001702
1010000 0.001387
1010000 0.001678
1010000 0.001361
1010000 0.001755
1010000 0.001348
1010000 0.001341
1010000 0.000852
1010000 0.001051
1010000 0.000869
1010000 0.001042
1010000 0.000837
1010000 0.000871
1010000 0.001092
1010000 0.000842
1010000 0.001009
1010000 0.001024
1010000 0.000992
1010000 0.001087
1010000 0.000732
1010000 0.000644
1010000 0.000735
1010000 0.000759
1010000 0.00061
1010000 0.000831
1010000 0.000792
1010000 0.000739
1010000 0.000597
1010000 0.000602
1010000 0.000627
1010000 0.000612
1010000 0.000601
1010000 0.001972
1010000 0.002448
1010000 0.002436
1010000 0.001978
1010000 0.002405
1010000 0.002409
1010000 0.002362
1010000 0.001957
