100 2.9e-05 79
110 3.2e-05 85
120 3.6e-05 98
130 4.1e-05 105
140 8.8e-05 116
150 9.2e-05 120
160 0.000132 133
170 0.000116 141
180 9.2e-05 153
190 0.000101 166
200 0.000114 174
210 0.000127 186
220 0.00013 194
230 0.000142 207
240 0.000146 213
250 0.000148 222
260 0.000206 229
270 0.000119 238
280 0.000333 252
290 0.000182 261
300 0.000215 266
310 0.000183 284
320 0.000162 297
330 0.00023 301
340 0.000242 317
350 0.000285 325
360 0.00019 330
370 0.000238 343
380 0.000277 358
390 0.000293 360
400 0.000701 365
410 0.000328 382
420 0.000421 391
430 0.000259 398
440 0.00027 410
450 0.000342 424
460 0.000349 438
470 0.000303 442
480 0.000476 462
490 0.000356 462
500 0.000332 475
510 0.000446 484
520 0.00053 494
530 0.000364 500
540 0.000463 519
550 0.000376 517
560 0.00049 532
570 0.000505 544
580 0.00056 554
590 0.000423 560
600 0.000691 572
610 0.000445 584
620 0.000462 596
630 0.000483 607
640 0.000513 613
650 0.000604 620
660 0.000526 630
670 0.000583 640
680 0.000594 652
690 0.00062 658
700 0.000539 672
710 0.000661 680
720 0.00063 688
730 0.000651 704
740 0.000657 717
750 0.000651 721
760 0.000646 743
770 0.000702 745
780 0.001687 755
790 0.000837 762
800 0.000678 772
810 0.000777 783
820 0.000795 802
830 0.000723 812
840 0.000817 820
850 0.000764 823
860 0.000872 830
870 0.000855 840
880 0.000869 853
890 0.000859 861
900 0.000836 882
910 0.000893 877
920 0.001094 890
930 0.000925 908
940 0.000998 909
950 0.001358 928
960 0.00097 936
970 0.001096 948
980 0.000986 950
990 0.001116 967
1000 0.001044 972
