100 0.000337 61
110 0.000429 72
120 0.000783 79
130 0.001586 85
140 0.001203 94
150 0.001986 104
160 0.001482 111
170 0.001743 120
180 0.003606 126
190 0.002811 134
200 0.001745 145
210 0.002528 152
220 0.005549 165
230 0.00688 176
240 0.004333 183
250 0.004877 189
260 0.00519 204
270 0.005792 208
280 0.007182 219
290 0.004471 231
300 0.006532 235
310 0.009085 246
320 0.006074 255
330 0.009877 266
340 0.00849 277
350 0.006846 286
360 0.010009 293
370 0.009087 302
380 0.009091 313
390 0.009949 319
400 0.010608 334
410 0.012414 345
420 0.012407 353
430 0.011547 366
440 0.013466 366
450 0.012853 379
460 0.013286 391
470 0.015256 394
480 0.015018 408
490 0.017472 421
500 0.0168 430
510 0.017127 440
520 0.017317 441
530 0.018902 454
540 0.018997 462
550 0.020204 470
560 0.021344 487
570 0.022168 495
580 0.0222 505
590 0.023319 516
600 0.024759 524
610 0.025272 526
620 0.027668 542
630 0.026749 551
640 0.030162 560
650 0.028578 562
660 0.030799 584
670 0.031073 582
680 0.032715 600
690 0.034004 605
700 0.036126 623
710 0.035912 629
720 0.037855 644
730 0.038532 641
740 0.039747 661
750 0.050356 672
760 0.042254 681
770 0.042634 687
780 0.044508 698
790 0.045375 710
800 0.046764 711
810 0.048727 729
820 0.049714 740
830 0.051461 751
840 0.052839 756
850 0.064254 765
860 0.058398 779
870 0.057012 790
880 0.058114 794
890 0.060569 806
900 0.062561 811
910 0.06303 821
920 0.064995 839
930 0.067042 844
940 0.068376 851
950 0.070191 867
960 0.071814 880
970 0.072871 882
980 0.0754 889
990 0.079353 903
1000 0.079863 909
