100 7.2e-05 89
110 5.5e-05 103
120 6.3e-05 117
130 7.1e-05 128
140 0.000123 134
150 8e-05 143
160 9.4e-05 157
170 0.000133 169
180 0.00018 179
190 0.000119 184
200 0.000177 198
210 0.000155 209
220 0.00021 218
230 0.000251 230
240 0.000305 240
250 0.000178 250
260 0.000192 260
270 0.000216 270
280 0.00023 280
290 0.000255 290
300 0.000309 299
310 0.000547 310
320 0.000449 320
330 0.000533 330
340 0.000259 340
350 0.000665 350
360 0.000678 360
370 0.000713 370
380 0.000489 380
390 0.000332 390
400 0.000484 400
410 0.000516 410
420 0.000463 420
430 0.000452 430
440 0.000437 440
450 0.000565 450
460 0.000564 460
470 0.000598 470
480 0.000503 480
490 0.000503 490
500 0.000668 500
510 0.000565 510
520 0.000737 520
530 0.000747 530
540 0.000735 540
550 0.000785 550
560 0.000763 560
570 0.000895 570
580 0.000756 580
590 0.000877 590
600 0.000753 600
610 0.000873 610
620 0.0008 620
630 0.000809 630
640 0.000929 640
650 0.000875 650
660 0.000916 660
670 0.001124 670
680 0.001008 680
690 0.001018 690
700 0.000999 700
710 0.001077 710
720 0.001162 720
730 0.001186 730
740 0.001146 740
750 0.001232 750
760 0.001199 760
770 0.001218 770
780 0.001299 780
790 0.001439 790
800 0.00137 800
810 0.001392 810
820 0.001378 820
830 0.001472 830
840 0.001489 840
850 0.001521 850
860 0.001524 860
870 0.001604 870
880 0.001672 880
890 0.00165 890
900 0.001661 900
910 0.001781 910
920 0.001782 920
930 0.001798 930
940 0.001825 940
950 0.001937 950
960 0.002123 960
970 0.002077 970
980 0.001965 980
990 0.002147 990
1000 0.002212 1000
