100 2e-05 74
110 3.2e-05 91
120 3.2e-05 96
130 3.5e-05 104
140 6.4e-05 109
150 7.2e-05 117
160 5.6e-05 127
170 4.6e-05 128
180 4.6e-05 144
190 5e-05 151
200 9.8e-05 156
210 5.5e-05 165
220 7.9e-05 171
230 0.000139 178
240 8.3e-05 173
250 6.2e-05 183
260 6e-05 190
270 6.4e-05 202
280 0.000127 211
290 0.00013 214
300 0.000138 222
310 7.4e-05 230
320 7.4e-05 234
330 7.1e-05 244
340 8e-05 249
350 7.1e-05 270
360 8.6e-05 264
370 7.1e-05 267
380 7.6e-05 280
390 7.8e-05 282
400 0.000135 295
410 0.000125 302
420 0.000107 310
430 0.000157 321
440 0.000148 316
450 8.1e-05 336
460 7.9e-05 344
470 0.000103 341
480 0.000113 355
490 0.000119 365
500 8.9e-05 371
510 9.5e-05 380
520 0.000151 391
530 0.000103 392
540 0.000127 407
550 0.000118 406
560 0.000107 416
570 0.000109 427
580 0.000104 423
590 0.000106 433
600 0.000141 446
610 0.000109 455
620 0.000112 468
630 0.000118 468
640 0.000146 477
650 0.000148 470
660 0.000121 486
670 0.000134 485
680 0.000131 505
690 0.000121 500
700 0.000122 523
710 0.000128 509
720 0.000164 523
730 0.000168 546
740 0.000129 525
750 0.000132 535
760 0.000139 555
770 0.000178 570
780 0.000144 555
790 0.000146 576
800 0.00014 585
810 0.000178 594
820 0.000162 618
830 0.000154 618
840 0.000157 607
850 0.000155 629
860 0.000162 637
870 0.000175 644
880 0.000169 644
890 0.000167 663
900 0.00016 678
910 0.000171 673
920 0.000176 684
930 0.00017 690
940 0.000173 687
950 0.000174 689
960 0.000169 704
970 0.000177 674
980 0.000178 709
990 0.000181 728
1000 0.000184 726
