100 0.000259 53
110 0.000289 57
120 0.00031 57
130 0.000643 67
140 0.001116 69
150 0.001542 73
160 0.001397 82
170 0.001658 83
180 0.000923 88
190 0.002154 96
200 0.001327 96
210 0.001361 97
220 0.002395 103
230 0.001968 112
240 0.002364 109
250 0.003651 112
260 0.002812 122
270 0.002029 129
280 0.00217 130
290 0.004124 131
300 0.002442 135
310 0.002721 147
320 0.002903 147
330 0.002843 152
340 0.002434 161
350 0.004632 160
360 0.003554 164
370 0.003478 166
380 0.003647 169
390 0.003998 180
400 0.004273 182
410 0.003951 171
420 0.004496 193
430 0.003839 191
440 0.005436 196
450 0.003981 207
460 0.004111 203
470 0.005897 209
480 0.005191 212
490 0.006025 219
500 0.005332 213
510 0.005041 224
520 0.005456 233
530 0.006724 236
540 0.005874 237
550 0.006477 240
560 0.00603 244
570 0.006324 247
580 0.007829 257
590 0.006682 259
600 0.007259 255
610 0.008009 263
620 0.007804 270
630 0.008702 277
640 0.007976 275
650 0.008278 284
660 0.008475 276
670 0.008726 281
680 0.009699 288
690 0.008904 295
700 0.009105 292
710 0.009446 298
720 0.009531 302
730 0.010105 308
740 0.010867 324
750 0.010521 315
760 0.011061 322
770 0.011094 327
780 0.011678 329
790 0.011771 331
800 0.012053 333
810 0.012423 348
820 0.013396 352
830 0.013334 356
840 0.013477 361
850 0.013855 360
860 0.014041 365
870 0.015006 375
880 0.014704 368
890 0.015331 382
900 0.015939 388
910 0.015568 386
920 0.017064 404
930 0.016801 395
940 0.017398 402
950 0.016675 395
960 0.01764 400
970 0.018626 419
980 0.018658 412
990 0.019246 417
1000 0.019019 413
