100 6.4e-05 35
110 2.7e-05 38
120 9.8e-05 40
130 7.6e-05 43
140 7.2e-05 47
150 7e-05 49
160 4.9e-05 50
170 7.4e-05 52
180 0.0001 55
190 3.9e-05 57
200 9e-05 60
210 0.000119 63
220 4.7e-05 62
230 4.7e-05 65
240 0.00014 63
250 4.7e-05 64
260 7.3e-05 67
270 0.000105 68
280 4.2e-05 72
290 5.9e-05 76
300 5.5e-05 78
310 5.8e-05 80
320 8.5e-05 83
330 5.3e-05 86
340 7.9e-05 88
350 9.2e-05 90
360 6.8e-05 93
370 8.3e-05 96
380 5.9e-05 99
390 0.000147 102
400 5.4e-05 89
410 0.000107 91
420 8.3e-05 94
430 7.3e-05 97
440 6e-05 100
450 5.9e-05 101
460 5.9e-05 103
470 6.1e-05 106
480 7.7e-05 109
490 6.4e-05 111
500 8.5e-05 111
510 6.6e-05 113
520 6.6e-05 116
530 9.6e-05 123
540 7.9e-05 124
550 7.5e-05 125
560 8.7e-05 126
570 8.1e-05 128
580 7.9e-05 131
590 8.5e-05 134
600 8.8e-05 136
610 9.3e-05 138
620 8.4e-05 140
630 0.000101 143
640 0.0001 139
650 9.3e-05 142
660 0.000105 131
670 0.000109 133
680 0.00011 135
690 0.000111 136
700 0.00012 139
710 0.000115 141
720 0.000116 141
730 0.000123 149
740 0.000121 151
750 0.000114 153
760 0.000137 155
770 0.000118 156
780 0.000121 160
790 0.000123 161
800 0.000134 162
810 0.000121 169
820 0.000124 171
830 0.000116 173
840 0.000126 175
850 0.000127 176
860 0.000129 178
870 0.00013 179
880 0.000129 181
890 0.000131 184
900 0.000137 185
910 0.000133 189
920 0.000201 192
930 0.000226 194
940 0.000139 191
950 0.000142 193
960 0.000142 195
970 0.000144 197
980 0.000144 198
990 0.000147 199
1000 0.000152 187
