100 2.4e-05 68
110 2.5e-05 71
120 3.5e-05 73
130 5.7e-05 81
140 6e-05 92
150 5.9e-05 99
160 6e-05 101
170 6.4e-05 105
180 9.2e-05 114
190 5e-05 125
200 5.2e-05 119
210 5.7e-05 128
220 0.000124 130
230 0.00011 136
240 0.000116 139
250 7.9e-05 145
260 5.3e-05 149
270 0.000131 155
280 0.000132 157
290 7e-05 162
300 0.000146 168
310 6.6e-05 184
320 8.2e-05 187
330 9e-05 184
340 6.8e-05 193
350 8.5e-05 199
360 9.3e-05 200
370 8.5e-05 202
380 0.000119 214
390 8e-05 222
400 7.1e-05 223
410 0.000107 233
420 8.4e-05 223
430 9.3e-05 231
440 8.8e-05 251
450 0.000104 252
460 8.4e-05 241
470 0.000184 245
480 9.2e-05 257
490 0.000113 264
500 0.000118 264
510 0.000123 274
520 0.000121 290
530 0.000103 287
540 0.0001 292
550 0.000193 291
560 0.000181 314
570 0.000126 315
580 0.000142 316
590 0.000108 313
600 0.000149 327
610 0.000125 341
620 0.00015 342
630 0.000131 344
640 0.000128 350
650 0.00012 346
660 0.000122 362
670 0.000131 358
680 0.000141 362
690 0.000128 373
700 0.000141 367
710 0.000166 366
720 0.000154 386
730 0.000132 390
740 0.000138 389
750 0.000145 395
760 0.000145 401
770 0.000148 403
780 0.000179 404
790 0.000149 404
800 0.000146 420
810 0.000143 427
820 0.000151 446
830 0.000156 448
840 0.000159 443
850 0.000158 456
860 0.000159 457
870 0.000174 466
880 0.000164 470
890 0.000173 466
900 0.000165 479
910 0.000181 472
920 0.000179 492
930 0.000178 497
940 0.0002 494
950 0.000278 495
960 0.000191 498
970 0.000186 517
980 0.000186 528
990 0.000186 518
1000 0.000187 511
